959375255
799544908
644710457
717470795
303935390
46594687
757782597
xxx
letqq123
xxx
wypszl
1373604627
vipjob163
1192473755
200632882
563611509
953864251
472081328
1106214689
475538141
449806300
644391644
1054596339
348456969
371062937
374292048
1098940715
1404120419
1019734636
1509039661
771715846
1533421702
793915144
280475195
715521256
1227567870
532299418
794998849
821192674
1029069982
1569132111
www.baibaizai
740448289
739787881
1096984099
516108908
630431374
949644592
495294073
1462448107
1528120114
jxxueshenghui
814952040
jobrencaizp
154339896
jizhongzhiyuanzhe
243449366
504858379
296044567
1024625981
1248618747
983838110
946027095
1072677339
991013026
414708075
xxx
996760976
faiye
1075507561
745070426
1491511870
382231525
1047189887
769765605
675160023
1114504090
929381081
858719688
476270532
1558603281
892645792
1071182997
1428190847
745986638
740224496
745555496
604616467
1061359466
865480187
36654320
348960731
529625364
549541395
1399857510
772937642
214644998
1559816723
920792052
1129231224
527133219
643029607
525227511
1096457619
1354458047
1016375121
959375255
